[900, 87, 9]
[0, 87, 100, 187, 200, 287, 300, 387, 400, 487, 500, 587, 600, 687, 700, 787, 800, 887, 900]
[ -1.00000000e+00  -9.76985923e-01  -9.53971846e-01  -9.30957769e-01
  -9.07943692e-01  -8.84929615e-01  -8.61915538e-01  -8.38901461e-01
  -8.15887384e-01  -7.92873308e-01  -7.69859231e-01  -7.46845154e-01
  -7.23831077e-01  -7.00817000e-01  -6.77802923e-01  -6.54788846e-01
  -6.31774769e-01  -6.08760692e-01  -5.85746615e-01  -5.62732538e-01
  -5.39718461e-01  -5.16704384e-01  -4.93690307e-01  -4.70676230e-01
  -4.47662153e-01  -4.24648076e-01  -4.01633999e-01  -3.78619923e-01
  -3.55605846e-01  -3.32591769e-01  -3.09577692e-01  -2.86563615e-01
  -2.63549538e-01  -2.40535461e-01  -2.17521384e-01  -1.94507307e-01
  -1.71493230e-01  -1.48479153e-01  -1.25465076e-01  -1.02450999e-01
  -7.94369223e-02  -5.64228453e-02  -3.34087684e-02  -1.03946914e-02
   1.26193855e-02   3.56334625e-02   5.86475394e-02   8.16616164e-02
   1.04675693e-01   1.27689770e-01   1.50703847e-01   1.73717924e-01
   1.96732001e-01   2.19746078e-01   2.42760155e-01   2.65774232e-01
   2.88788309e-01   3.11802386e-01   3.34816463e-01   3.57830540e-01
   3.80844617e-01   4.03858694e-01   4.26872771e-01   4.49886847e-01
   4.72900924e-01   4.95915001e-01   5.18929078e-01   5.41943155e-01
   5.64957232e-01   5.87971309e-01   6.10985386e-01   6.33999463e-01
   6.57013540e-01   6.80027617e-01   7.03041694e-01   7.26055771e-01
   7.49069848e-01   7.72083925e-01   7.95098002e-01   8.18112079e-01
   8.41126155e-01   8.64140232e-01   8.87154309e-01   9.10168386e-01
   9.33182463e-01   9.56196540e-01   9.79210617e-01   9.85111663e-01
   8.31094378e-01   6.77077094e-01   5.23059810e-01   3.69042526e-01
   2.15025242e-01   6.10079576e-02  -9.30093266e-02  -2.47026611e-01
  -4.01043895e-01  -5.55061179e-01  -7.09078463e-01  -8.63095747e-01
  -9.97442880e-01  -9.74428803e-01  -9.51414726e-01  -9.28400650e-01
  -9.05386573e-01  -8.82372496e-01  -8.59358419e-01  -8.36344342e-01
  -8.13330265e-01  -7.90316188e-01  -7.67302111e-01  -7.44288034e-01
  -7.21273957e-01  -6.98259880e-01  -6.75245803e-01  -6.52231726e-01
  -6.29217649e-01  -6.06203572e-01  -5.83189495e-01  -5.60175418e-01
  -5.37161341e-01  -5.14147265e-01  -4.91133188e-01  -4.68119111e-01
  -4.45105034e-01  -4.22090957e-01  -3.99076880e-01  -3.76062803e-01
  -3.53048726e-01  -3.30034649e-01  -3.07020572e-01  -2.84006495e-01
  -2.60992418e-01  -2.37978341e-01  -2.14964264e-01  -1.91950187e-01
  -1.68936110e-01  -1.45922033e-01  -1.22907956e-01  -9.98938795e-02
  -7.68798026e-02  -5.38657256e-02  -3.08516487e-02  -7.83757176e-03
   1.51765052e-02   3.81905821e-02   6.12046591e-02   8.42187360e-02
   1.07232813e-01   1.30246890e-01   1.53260967e-01   1.76275044e-01
   1.99289121e-01   2.22303198e-01   2.45317275e-01   2.68331352e-01
   2.91345429e-01   3.14359505e-01   3.37373582e-01   3.60387659e-01
   3.83401736e-01   4.06415813e-01   4.29429890e-01   4.52443967e-01
   4.75458044e-01   4.98472121e-01   5.21486198e-01   5.44500275e-01
   5.67514352e-01   5.90528429e-01   6.13542506e-01   6.36556583e-01
   6.59570660e-01   6.82584737e-01   7.05598813e-01   7.28612890e-01
   7.51626967e-01   7.74641044e-01   7.97655121e-01   8.20669198e-01
   8.43683275e-01   8.66697352e-01   8.89711429e-01   9.12725506e-01
   9.35739583e-01   9.58753660e-01   9.81767737e-01   9.67998631e-01
   8.13981347e-01   6.59964063e-01   5.05946778e-01   3.51929494e-01
   1.97912210e-01   4.38949260e-02  -1.10122358e-01  -2.64139642e-01
  -4.18156926e-01  -5.72174211e-01  -7.26191495e-01  -8.80208779e-01
  -9.94885761e-01  -9.71871684e-01  -9.48857607e-01  -9.25843530e-01
  -9.02829453e-01  -8.79815376e-01  -8.56801299e-01  -8.33787222e-01
  -8.10773145e-01  -7.87759068e-01  -7.64744991e-01  -7.41730914e-01
  -7.18716837e-01  -6.95702760e-01  -6.72688683e-01  -6.49674607e-01
  -6.26660530e-01  -6.03646453e-01  -5.80632376e-01  -5.57618299e-01
  -5.34604222e-01  -5.11590145e-01  -4.88576068e-01  -4.65561991e-01
  -4.42547914e-01  -4.19533837e-01  -3.96519760e-01  -3.73505683e-01
  -3.50491606e-01  -3.27477529e-01  -3.04463452e-01  -2.81449375e-01
  -2.58435298e-01  -2.35421222e-01  -2.12407145e-01  -1.89393068e-01
  -1.66378991e-01  -1.43364914e-01  -1.20350837e-01  -9.73367599e-02
  -7.43226829e-02  -5.13086060e-02  -2.82945290e-02  -5.28045210e-03
   1.77336248e-02   4.07477018e-02   6.37617787e-02   8.67758557e-02
   1.09789933e-01   1.32804010e-01   1.55818087e-01   1.78832163e-01
   2.01846240e-01   2.24860317e-01   2.47874394e-01   2.70888471e-01
   2.93902548e-01   3.16916625e-01   3.39930702e-01   3.62944779e-01
   3.85958856e-01   4.08972933e-01   4.31987010e-01   4.55001087e-01
   4.78015164e-01   5.01029241e-01   5.24043318e-01   5.47057395e-01
   5.70071471e-01   5.93085548e-01   6.16099625e-01   6.39113702e-01
   6.62127779e-01   6.85141856e-01   7.08155933e-01   7.31170010e-01
   7.54184087e-01   7.77198164e-01   8.00212241e-01   8.23226318e-01
   8.46240395e-01   8.69254472e-01   8.92268549e-01   9.15282626e-01
   9.38296703e-01   9.61310780e-01   9.84324856e-01   9.50885599e-01
   7.96868315e-01   6.42851031e-01   4.88833747e-01   3.34816463e-01
   1.80799179e-01   2.67818944e-02  -1.27235390e-01  -2.81252674e-01
  -4.35269958e-01  -5.89287242e-01  -7.43304526e-01  -8.97321811e-01
  -9.92328641e-01  -9.69314564e-01  -9.46300487e-01  -9.23286410e-01
  -9.00272333e-01  -8.77258256e-01  -8.54244179e-01  -8.31230102e-01
  -8.08216025e-01  -7.85201949e-01  -7.62187872e-01  -7.39173795e-01
  -7.16159718e-01  -6.93145641e-01  -6.70131564e-01  -6.47117487e-01
  -6.24103410e-01  -6.01089333e-01  -5.78075256e-01  -5.55061179e-01
  -5.32047102e-01  -5.09033025e-01  -4.86018948e-01  -4.63004871e-01
  -4.39990794e-01  -4.16976717e-01  -3.93962640e-01  -3.70948564e-01
  -3.47934487e-01  -3.24920410e-01  -3.01906333e-01  -2.78892256e-01
  -2.55878179e-01  -2.32864102e-01  -2.09850025e-01  -1.86835948e-01
  -1.63821871e-01  -1.40807794e-01  -1.17793717e-01  -9.47796402e-02
  -7.17655633e-02  -4.87514863e-02  -2.57374094e-02  -2.72333244e-03
   2.02907445e-02   4.33048214e-02   6.63188984e-02   8.93329753e-02
   1.12347052e-01   1.35361129e-01   1.58375206e-01   1.81389283e-01
   2.04403360e-01   2.27417437e-01   2.50431514e-01   2.73445591e-01
   2.96459668e-01   3.19473745e-01   3.42487822e-01   3.65501899e-01
   3.88515976e-01   4.11530053e-01   4.34544129e-01   4.57558206e-01
   4.80572283e-01   5.03586360e-01   5.26600437e-01   5.49614514e-01
   5.72628591e-01   5.95642668e-01   6.18656745e-01   6.41670822e-01
   6.64684899e-01   6.87698976e-01   7.10713053e-01   7.33727130e-01
   7.56741207e-01   7.79755284e-01   8.02769361e-01   8.25783438e-01
   8.48797514e-01   8.71811591e-01   8.94825668e-01   9.17839745e-01
   9.40853822e-01   9.63867899e-01   9.86881976e-01   9.33772568e-01
   7.79755284e-01   6.25737999e-01   4.71720715e-01   3.17703431e-01
   1.63686147e-01   9.66886284e-03  -1.44348421e-01  -2.98365705e-01
  -4.52382990e-01  -6.06400274e-01  -7.60417558e-01  -9.14434842e-01
  -9.89771521e-01  -9.66757444e-01  -9.43743367e-01  -9.20729291e-01
  -8.97715214e-01  -8.74701137e-01  -8.51687060e-01  -8.28672983e-01
  -8.05658906e-01  -7.82644829e-01  -7.59630752e-01  -7.36616675e-01
  -7.13602598e-01  -6.90588521e-01  -6.67574444e-01  -6.44560367e-01
  -6.21546290e-01  -5.98532213e-01  -5.75518136e-01  -5.52504059e-01
  -5.29489982e-01  -5.06475906e-01  -4.83461829e-01  -4.60447752e-01
  -4.37433675e-01  -4.14419598e-01  -3.91405521e-01  -3.68391444e-01
  -3.45377367e-01  -3.22363290e-01  -2.99349213e-01  -2.76335136e-01
  -2.53321059e-01  -2.30306982e-01  -2.07292905e-01  -1.84278828e-01
  -1.61264751e-01  -1.38250674e-01  -1.15236597e-01  -9.22225206e-02
  -6.92084436e-02  -4.61943667e-02  -2.31802897e-02  -1.66212778e-04
   2.28478642e-02   4.58619411e-02   6.88760181e-02   9.18900950e-02
   1.14904172e-01   1.37918249e-01   1.60932326e-01   1.83946403e-01
   2.06960480e-01   2.29974557e-01   2.52988634e-01   2.76002711e-01
   2.99016787e-01   3.22030864e-01   3.45044941e-01   3.68059018e-01
   3.91073095e-01   4.14087172e-01   4.37101249e-01   4.60115326e-01
   4.83129403e-01   5.06143480e-01   5.29157557e-01   5.52171634e-01
   5.75185711e-01   5.98199788e-01   6.21213865e-01   6.44227942e-01
   6.67242019e-01   6.90256096e-01   7.13270172e-01   7.36284249e-01
   7.59298326e-01   7.82312403e-01   8.05326480e-01   8.28340557e-01
   8.51354634e-01   8.74368711e-01   8.97382788e-01   9.20396865e-01
   9.43410942e-01   9.66425019e-01   9.89439096e-01   9.16659536e-01
   7.62642252e-01   6.08624968e-01   4.54607684e-01   3.00590400e-01
   1.46573115e-01  -7.44416873e-03  -1.61461453e-01  -3.15478737e-01
  -4.69496021e-01  -6.23513305e-01  -7.77530590e-01  -9.31547874e-01
  -9.87214402e-01  -9.64200325e-01  -9.41186248e-01  -9.18172171e-01
  -8.95158094e-01  -8.72144017e-01  -8.49129940e-01  -8.26115863e-01
  -8.03101786e-01  -7.80087709e-01  -7.57073632e-01  -7.34059555e-01
  -7.11045478e-01  -6.88031401e-01  -6.65017324e-01  -6.42003248e-01
  -6.18989171e-01  -5.95975094e-01  -5.72961017e-01  -5.49946940e-01
  -5.26932863e-01  -5.03918786e-01  -4.80904709e-01  -4.57890632e-01
  -4.34876555e-01  -4.11862478e-01  -3.88848401e-01  -3.65834324e-01
  -3.42820247e-01  -3.19806170e-01  -2.96792093e-01  -2.73778016e-01
  -2.50763939e-01  -2.27749863e-01  -2.04735786e-01  -1.81721709e-01
  -1.58707632e-01  -1.35693555e-01  -1.12679478e-01  -8.96654009e-02
  -6.66513240e-02  -4.36372470e-02  -2.06231701e-02   2.39090688e-03
   2.54049838e-02   4.84190608e-02   7.14331377e-02   9.44472147e-02
   1.17461292e-01   1.40475369e-01   1.63489445e-01   1.86503522e-01
   2.09517599e-01   2.32531676e-01   2.55545753e-01   2.78559830e-01
   3.01573907e-01   3.24587984e-01   3.47602061e-01   3.70616138e-01
   3.93630215e-01   4.16644292e-01   4.39658369e-01   4.62672446e-01
   4.85686523e-01   5.08700600e-01   5.31714677e-01   5.54728754e-01
   5.77742830e-01   6.00756907e-01   6.23770984e-01   6.46785061e-01
   6.69799138e-01   6.92813215e-01   7.15827292e-01   7.38841369e-01
   7.61855446e-01   7.84869523e-01   8.07883600e-01   8.30897677e-01
   8.53911754e-01   8.76925831e-01   8.99939908e-01   9.22953985e-01
   9.45968062e-01   9.68982139e-01   9.91996215e-01   8.99546505e-01
   7.45529220e-01   5.91511936e-01   4.37494652e-01   2.83477368e-01
   1.29460084e-01  -2.45572003e-02  -1.78574484e-01  -3.32591769e-01
  -4.86609053e-01  -6.40626337e-01  -7.94643621e-01  -9.48660905e-01
  -9.84657282e-01  -9.61643205e-01  -9.38629128e-01  -9.15615051e-01
  -8.92600974e-01  -8.69586897e-01  -8.46572820e-01  -8.23558743e-01
  -8.00544666e-01  -7.77530590e-01  -7.54516513e-01  -7.31502436e-01
  -7.08488359e-01  -6.85474282e-01  -6.62460205e-01  -6.39446128e-01
  -6.16432051e-01  -5.93417974e-01  -5.70403897e-01  -5.47389820e-01
  -5.24375743e-01  -5.01361666e-01  -4.78347589e-01  -4.55333512e-01
  -4.32319435e-01  -4.09305358e-01  -3.86291282e-01  -3.63277205e-01
  -3.40263128e-01  -3.17249051e-01  -2.94234974e-01  -2.71220897e-01
  -2.48206820e-01  -2.25192743e-01  -2.02178666e-01  -1.79164589e-01
  -1.56150512e-01  -1.33136435e-01  -1.10122358e-01  -8.71082812e-02
  -6.40942043e-02  -4.10801273e-02  -1.80660504e-02   4.94802654e-03
   2.79621035e-02   5.09761804e-02   7.39902574e-02   9.70043343e-02
   1.20018411e-01   1.43032488e-01   1.66046565e-01   1.89060642e-01
   2.12074719e-01   2.35088796e-01   2.58102873e-01   2.81116950e-01
   3.04131027e-01   3.27145104e-01   3.50159181e-01   3.73173258e-01
   3.96187335e-01   4.19201412e-01   4.42215488e-01   4.65229565e-01
   4.88243642e-01   5.11257719e-01   5.34271796e-01   5.57285873e-01
   5.80299950e-01   6.03314027e-01   6.26328104e-01   6.49342181e-01
   6.72356258e-01   6.95370335e-01   7.18384412e-01   7.41398489e-01
   7.64412566e-01   7.87426643e-01   8.10440720e-01   8.33454797e-01
   8.56468873e-01   8.79482950e-01   9.02497027e-01   9.25511104e-01
   9.48525181e-01   9.71539258e-01   9.94553335e-01   8.82433473e-01
   7.28416189e-01   5.74398905e-01   4.20381621e-01   2.66364336e-01
   1.12347052e-01  -4.16702319e-02  -1.95687516e-01  -3.49704800e-01
  -5.03722084e-01  -6.57739369e-01  -8.11756653e-01  -9.65773937e-01
  -9.82100162e-01  -9.59086085e-01  -9.36072008e-01  -9.13057932e-01
  -8.90043855e-01  -8.67029778e-01  -8.44015701e-01  -8.21001624e-01
  -7.97987547e-01  -7.74973470e-01  -7.51959393e-01  -7.28945316e-01
  -7.05931239e-01  -6.82917162e-01  -6.59903085e-01  -6.36889008e-01
  -6.13874931e-01  -5.90860854e-01  -5.67846777e-01  -5.44832700e-01
  -5.21818624e-01  -4.98804547e-01  -4.75790470e-01  -4.52776393e-01
  -4.29762316e-01  -4.06748239e-01  -3.83734162e-01  -3.60720085e-01
  -3.37706008e-01  -3.14691931e-01  -2.91677854e-01  -2.68663777e-01
  -2.45649700e-01  -2.22635623e-01  -1.99621546e-01  -1.76607469e-01
  -1.53593392e-01  -1.30579315e-01  -1.07565239e-01  -8.45511616e-02
  -6.15370846e-02  -3.85230077e-02  -1.55089307e-02   7.50514620e-03
   3.05192231e-02   5.35333001e-02   7.65473770e-02   9.95614540e-02
   1.22575531e-01   1.45589608e-01   1.68603685e-01   1.91617762e-01
   2.14631839e-01   2.37645916e-01   2.60659993e-01   2.83674070e-01
   3.06688146e-01   3.29702223e-01   3.52716300e-01   3.75730377e-01
   3.98744454e-01   4.21758531e-01   4.44772608e-01   4.67786685e-01
   4.90800762e-01   5.13814839e-01   5.36828916e-01   5.59842993e-01
   5.82857070e-01   6.05871147e-01   6.28885224e-01   6.51899301e-01
   6.74913378e-01   6.97927455e-01   7.20941531e-01   7.43955608e-01
   7.66969685e-01   7.89983762e-01   8.12997839e-01   8.36011916e-01
   8.59025993e-01   8.82040070e-01   9.05054147e-01   9.28068224e-01
   9.51082301e-01   9.74096378e-01   9.97110455e-01   8.65320442e-01
   7.11303157e-01   5.57285873e-01   4.03268589e-01   2.49251305e-01
   9.52340207e-02  -5.87832635e-02  -2.12800548e-01  -3.66817832e-01
  -5.20835116e-01  -6.74852400e-01  -8.28869684e-01  -9.82886968e-01
  -9.79543043e-01  -9.56528966e-01  -9.33514889e-01  -9.10500812e-01
  -8.87486735e-01  -8.64472658e-01  -8.41458581e-01  -8.18444504e-01
  -7.95430427e-01  -7.72416350e-01  -7.49402273e-01  -7.26388196e-01
  -7.03374119e-01  -6.80360042e-01  -6.57345966e-01  -6.34331889e-01
  -6.11317812e-01  -5.88303735e-01  -5.65289658e-01  -5.42275581e-01
  -5.19261504e-01  -4.96247427e-01  -4.73233350e-01  -4.50219273e-01
  -4.27205196e-01  -4.04191119e-01  -3.81177042e-01  -3.58162965e-01
  -3.35148888e-01  -3.12134811e-01  -2.89120734e-01  -2.66106657e-01
  -2.43092581e-01  -2.20078504e-01  -1.97064427e-01  -1.74050350e-01
  -1.51036273e-01  -1.28022196e-01  -1.05008119e-01  -8.19940419e-02
  -5.89799650e-02  -3.59658880e-02  -1.29518111e-02   1.00622659e-02
   3.30763428e-02   5.60904197e-02   7.91044967e-02   1.02118574e-01
   1.25132651e-01   1.48146728e-01   1.71160804e-01   1.94174881e-01
   2.17188958e-01   2.40203035e-01   2.63217112e-01   2.86231189e-01
   3.09245266e-01   3.32259343e-01   3.55273420e-01   3.78287497e-01
   4.01301574e-01   4.24315651e-01   4.47329728e-01   4.70343805e-01
   4.93357882e-01   5.16371959e-01   5.39386036e-01   5.62400113e-01
   5.85414189e-01   6.08428266e-01   6.31442343e-01   6.54456420e-01
   6.77470497e-01   7.00484574e-01   7.23498651e-01   7.46512728e-01
   7.69526805e-01   7.92540882e-01   8.15554959e-01   8.38569036e-01
   8.61583113e-01   8.84597190e-01   9.07611267e-01   9.30625344e-01
   9.53639421e-01   9.76653497e-01   9.99667574e-01   8.48207410e-01
   6.94190126e-01   5.40172842e-01   3.86155557e-01   2.32138273e-01
   7.81209891e-02  -7.58962950e-02  -2.29913579e-01  -3.83930863e-01
  -5.37948148e-01  -6.91965432e-01  -8.45982716e-01  -1.00000000e+00]
